lr0: 0.00064
lrf: 0.24515
momentum: 0.92241
weight_decay: 0.00044
warmup_epochs: 4.28637
warmup_momentum: 0.75661
warmup_bias_lr: 0.12661
box: 0.04351
cls: 0.25855
cls_pw: 0.96361
obj: 0.51401
obj_pw: 0.96644
iou_t: 0.2
anchor_t: 3.61724
fl_gamma: 0.0
hsv_h: 0.06881
hsv_s: 0.32214
hsv_v: 0.37522
degrees: 0.16723
translate: 0.0
scale: 0.35647
shear: 0.0
perspective: 0.0
flipud: 0.0
fliplr: 0.5
mosaic: 1.0
mixup: 0.2
copy_paste: 0.12747
center_crop: 1.0
anchors: 3.99673
