lr0: 0.00067
lrf: 0.20766
momentum: 0.92014
weight_decay: 0.00046
warmup_epochs: 5.0
warmup_momentum: 0.73051
warmup_bias_lr: 0.11117
box: 0.03773
cls: 0.33478
cls_pw: 1.0482
obj: 0.49619
obj_pw: 0.87037
iou_t: 0.2
anchor_t: 3.04879
fl_gamma: 0.0
hsv_h: 0.0885
hsv_s: 0.29466
hsv_v: 0.52418
degrees: 0.18643
translate: 0.0
scale: 0.33304
shear: 0.0
perspective: 0.0
flipud: 0.0
fliplr: 0.5
mosaic: 0.84489
mixup: 0.17417
copy_paste: 0.09493
center_crop: 1.0
anchors: 5.31647
