# YOLOv5 Hyperparameter Evolution Results
# Best generation: 16
# Last generation: 19
#    metrics/precision,       metrics/recall,      metrics/mAP_0.5, metrics/mAP_0.5:0.95,         val/box_loss,         val/obj_loss,         val/cls_loss
#              0.73418,              0.71245,               0.7219,              0.28833,             0.041984,             0.001132,                    0

lr0: 0.00072
lrf: 0.19556
momentum: 0.92471
weight_decay: 0.00046
warmup_epochs: 3.9263
warmup_momentum: 0.70954
warmup_bias_lr: 0.11098
box: 0.04442
cls: 0.27966
cls_pw: 1.01838
obj: 0.46362
obj_pw: 0.84709
iou_t: 0.2
anchor_t: 3.56447
fl_gamma: 0.0
hsv_h: 0.08998
hsv_s: 0.25382
hsv_v: 0.41842
degrees: 0.17496
translate: 0.0
scale: 0.32484
shear: 0.0
perspective: 0.0
flipud: 0.0
fliplr: 0.5
mosaic: 0.98107
mixup: 0.16968
copy_paste: 0.12716
center_crop: 1.0
anchors: 4.30508
