lr0: 0.00087
lrf: 0.21521
momentum: 0.93789
weight_decay: 0.00034
warmup_epochs: 3.3486
warmup_momentum: 0.71485
warmup_bias_lr: 0.11171
box: 0.06315
cls: 0.27237
cls_pw: 1.0551
obj: 0.474
obj_pw: 0.53878
iou_t: 0.2
anchor_t: 4.624
fl_gamma: 0.0
hsv_h: 0.09298
hsv_s: 0.28093
hsv_v: 0.47572
degrees: 0.13458
translate: 0.0
scale: 0.34975
shear: 0.0
perspective: 0.0
flipud: 0.0
fliplr: 0.5
mosaic: 1.0
mixup: 0.2
copy_paste: 0.11471
center_crop: 1.0
anchors: 2.44468
